
Detailed
 ==================== 
Position X,Position Y,Position Z,Unit,Category,Collection,Time,ID,
970.03,371.357,1370,µm,Spot,Position,1,0,
968.251,387.314,1414.43,µm,Spot,Position,1,1,
1037.97,405.101,1370,µm,Spot,Position,1,2,
1020.27,421.167,1386.06,µm,Spot,Position,1,3,
379.915,522.386,1370,µm,Spot,Position,1,4,
382.651,544.542,1370,µm,Spot,Position,1,5,
412.696,578.49,1425.21,µm,Spot,Position,1,6,
709.745,1001.31,1370,µm,Spot,Position,1,7,
628.088,1197.42,1397.62,µm,Spot,Position,1,8,
633.077,1183.74,1370,µm,Spot,Position,1,9,
748.276,1130.19,1417.39,µm,Spot,Position,1,10,
622.999,1231.17,1425.2,µm,Spot,Position,1,11,
613.562,1248.54,1429.36,µm,Spot,Position,1,12,
691.325,1290.37,1429.54,µm,Spot,Position,1,13,
594.573,1426.87,1370,µm,Spot,Position,1,14,
665.822,1337.9,1370,µm,Spot,Position,1,15,
663.94,1416.63,1370,µm,Spot,Position,1,16,
1172.33,1330.79,1421.73,µm,Spot,Position,1,17,
1388.19,1387.05,1412.51,µm,Spot,Position,1,18,
583.571,1480.08,1370,µm,Spot,Position,1,19,
598.277,1454.97,1396.63,µm,Spot,Position,1,20,
591.353,1535.69,1407.51,µm,Spot,Position,1,21,
595.516,1519.17,1412.88,µm,Spot,Position,1,22,
657.873,1480.51,1376.25,µm,Spot,Position,1,23,
1328.13,1489.15,1370,µm,Spot,Position,1,24,
1326.23,1485.44,1389.37,µm,Spot,Position,1,25,
1326.42,1465.01,1400.34,µm,Spot,Position,1,26,
1353.27,1521.43,1428.53,µm,Spot,Position,1,27,
1447.86,1549.79,1370,µm,Spot,Position,1,28,
603.824,1644.89,1370,µm,Spot,Position,1,29,
575.857,1645.33,1370,µm,Spot,Position,1,30,
646.99,1580.48,1426.71,µm,Spot,Position,1,31,
1553.66,1637.09,1370,µm,Spot,Position,1,32,
1548.55,1707.06,1383.61,µm,Spot,Position,1,33,
991.15,390.576,1461.96,µm,Spot,Position,1,34,
1064.01,422.408,1446.63,µm,Spot,Position,1,35,
433.662,601.708,1453.76,µm,Spot,Position,1,36,
967.947,487.846,1438.56,µm,Spot,Position,1,37,
1026.72,549.963,1432.45,µm,Spot,Position,1,38,
632.055,1068.43,1490.19,µm,Spot,Position,1,39,
789.789,1085.3,1433.43,µm,Spot,Position,1,40,
798.162,1070.89,1449.11,µm,Spot,Position,1,41,
625.481,1124.01,1478,µm,Spot,Position,1,42,
622.601,1105.69,1490.26,µm,Spot,Position,1,43,
740.82,1152.28,1438.1,µm,Spot,Position,1,44,
725.984,1205.57,1469.11,µm,Spot,Position,1,45,
701.246,1241.04,1442.19,µm,Spot,Position,1,46,
704.617,1279.89,1467.57,µm,Spot,Position,1,47,
724.37,1228.7,1477.7,µm,Spot,Position,1,48,
696.452,1411.43,1445.73,µm,Spot,Position,1,49,
702.52,1422.11,1457.14,µm,Spot,Position,1,50,
706.727,1340.51,1484.83,µm,Spot,Position,1,51,
1456.18,1449.53,1455.42,µm,Spot,Position,1,52,
618.42,1563.73,1475.89,µm,Spot,Position,1,53,
628.273,1519.78,1482.93,µm,Spot,Position,1,54,
666.984,1523.2,1437.06,µm,Spot,Position,1,55,
662.03,1553.06,1438.1,µm,Spot,Position,1,56,
683.819,1506.23,1462.31,µm,Spot,Position,1,57,
694.472,1485.39,1470,µm,Spot,Position,1,58,
677.775,1560.53,1489.45,µm,Spot,Position,1,59,
1307.67,1491.62,1438.34,µm,Spot,Position,1,60,
1306.88,1471.42,1446.94,µm,Spot,Position,1,61,
1416.97,1464.5,1450.24,µm,Spot,Position,1,62,
613.195,1669.14,1453.6,µm,Spot,Position,1,63,
600.106,1601.61,1477.69,µm,Spot,Position,1,64,
657.321,1661.68,1447.22,µm,Spot,Position,1,65,
1562.56,1761.94,1439.71,µm,Spot,Position,1,66,
1107.06,409.643,1503.34,µm,Spot,Position,1,67,
1085.66,417.248,1505.32,µm,Spot,Position,1,68,
1027.64,501.488,1545.12,µm,Spot,Position,1,69,
462.026,667.244,1517.99,µm,Spot,Position,1,70,
479.335,697.693,1549.54,µm,Spot,Position,1,71,
1156.76,624.354,1517.49,µm,Spot,Position,1,72,
1702.05,680.417,1507.51,µm,Spot,Position,1,73,
674.339,1058.46,1508.21,µm,Spot,Position,1,74,
776.463,1045.42,1529.8,µm,Spot,Position,1,75,
625.629,1169.34,1497.32,µm,Spot,Position,1,76,
612.296,1126,1550.07,µm,Spot,Position,1,77,
607.742,1115.75,1558.17,µm,Spot,Position,1,78,
741.905,1113.48,1512.89,µm,Spot,Position,1,79,
754.315,1142.47,1545.99,µm,Spot,Position,1,80,
735.422,1241.29,1503.15,µm,Spot,Position,1,81,
718.341,1412.81,1498,µm,Spot,Position,1,82,
729.534,1402.09,1515.56,µm,Spot,Position,1,83,
728.637,1379.6,1520.73,µm,Spot,Position,1,84,
765.573,1362.5,1506.33,µm,Spot,Position,1,85,
1277.28,1444.63,1514.21,µm,Spot,Position,1,86,
1348.43,1434.8,1519.21,µm,Spot,Position,1,87,
1404.5,1555.94,1507.47,µm,Spot,Position,1,88,
1464.52,1454.87,1512.58,µm,Spot,Position,1,89,
1448.75,1496.49,1550.22,µm,Spot,Position,1,90,
603.272,1632.07,1541.69,µm,Spot,Position,1,91,
655.195,1617.04,1501.24,µm,Spot,Position,1,92,
679.388,1574.26,1504.36,µm,Spot,Position,1,93,
661.714,1613.46,1523.28,µm,Spot,Position,1,94,
682.947,1584.49,1525.25,µm,Spot,Position,1,95,
640.137,1674.89,1535.58,µm,Spot,Position,1,96,
663.943,1625.15,1542.26,µm,Spot,Position,1,97,
660.551,1653,1546.96,µm,Spot,Position,1,98,
1506.03,1667.69,1541.21,µm,Spot,Position,1,99,
1524.19,1664.45,1552.21,µm,Spot,Position,1,100,
534.287,1740.99,1543.23,µm,Spot,Position,1,101,
538.833,1707.61,1549.72,µm,Spot,Position,1,102,
1397.45,1802.36,1544.22,µm,Spot,Position,1,103,
1493.19,1716.24,1555.42,µm,Spot,Position,1,104,
1768.38,396.195,1580.84,µm,Spot,Position,1,105,
1067.49,544.962,1606.14,µm,Spot,Position,1,106,
1154.28,546.081,1614.7,µm,Spot,Position,1,107,
490.237,724.542,1570.37,µm,Spot,Position,1,108,
1642.57,708.447,1566.51,µm,Spot,Position,1,109,
502.781,738.947,1619.39,µm,Spot,Position,1,110,
512.344,729.869,1586.01,µm,Spot,Position,1,111,
517.647,773.901,1617.78,µm,Spot,Position,1,112,
604.172,1112.22,1577.72,µm,Spot,Position,1,113,
748.982,1139.1,1576.82,µm,Spot,Position,1,114,
738.628,1125.69,1580.7,µm,Spot,Position,1,115,
674.191,1254.53,1560.59,µm,Spot,Position,1,116,
696.967,1300.13,1560.24,µm,Spot,Position,1,117,
802.614,1282.95,1563.18,µm,Spot,Position,1,118,
795.506,1263.58,1582.94,µm,Spot,Position,1,119,
701.971,1439.52,1568.52,µm,Spot,Position,1,120,
801.566,1443.88,1605.6,µm,Spot,Position,1,121,
803.621,1412.66,1610.86,µm,Spot,Position,1,122,
802.515,1425.44,1609.41,µm,Spot,Position,1,123,
1359.33,1448.53,1565.83,µm,Spot,Position,1,124,
1456.04,1418.67,1587.38,µm,Spot,Position,1,125,
739.057,1569.98,1599.01,µm,Spot,Position,1,126,
710.302,1473.16,1604.72,µm,Spot,Position,1,127,
784.586,1458.13,1589.63,µm,Spot,Position,1,128,
760.227,1569.57,1602.56,µm,Spot,Position,1,129,
814.179,1450.43,1608.36,µm,Spot,Position,1,130,
1116.31,1522.78,1597.51,µm,Spot,Position,1,131,
562.599,1683.17,1572.66,µm,Spot,Position,1,132,
574.604,1682.43,1578.9,µm,Spot,Position,1,133,
627.906,1616.64,1603.34,µm,Spot,Position,1,134,
711.848,1611.94,1596.83,µm,Spot,Position,1,135,
637.2,1629.52,1623.24,µm,Spot,Position,1,136,
753.62,1577.22,1610.21,µm,Spot,Position,1,137,
758.619,1589.7,1618.63,µm,Spot,Position,1,138,
999.903,1690.63,1606.21,µm,Spot,Position,1,139,
1431.34,1584.04,1561.57,µm,Spot,Position,1,140,
1471.25,1688.88,1569.97,µm,Spot,Position,1,141,
1462.48,1676.67,1577.06,µm,Spot,Position,1,142,
1438.24,1680.28,1607.2,µm,Spot,Position,1,143,
1470.6,1591.03,1615.61,µm,Spot,Position,1,144,
1435.09,1689.66,1615.47,µm,Spot,Position,1,145,
1489.19,1619.8,1601.04,µm,Spot,Position,1,146,
487.33,1736.92,1567.47,µm,Spot,Position,1,147,
500.725,1722.95,1609.22,µm,Spot,Position,1,148,
524.431,1711.67,1561.06,µm,Spot,Position,1,149,
518.756,1802.36,1574.55,µm,Spot,Position,1,150,
536.349,1802.36,1585.11,µm,Spot,Position,1,151,
530.193,1695.26,1609.05,µm,Spot,Position,1,152,
553.257,1695.49,1616.26,µm,Spot,Position,1,153,
674.055,1701.22,1601.43,µm,Spot,Position,1,154,
674.647,1713.92,1606,µm,Spot,Position,1,155,
696.039,1710.54,1619,µm,Spot,Position,1,156,
1255.98,73.8406,1661.11,µm,Spot,Position,1,157,
1469.37,61.8896,1641.08,µm,Spot,Position,1,158,
1491.8,102.654,1656.85,µm,Spot,Position,1,159,
1540.47,78.4534,1672.98,µm,Spot,Position,1,160,
519.36,196.46,1639.63,µm,Spot,Position,1,161,
1090.57,332.893,1662.39,µm,Spot,Position,1,162,
1098.85,329.922,1687.24,µm,Spot,Position,1,163,
1174.7,433.373,1650.81,µm,Spot,Position,1,164,
1458.77,453.695,1657.29,µm,Spot,Position,1,165,
1080.25,549.981,1633.43,µm,Spot,Position,1,166,
1111.44,590.571,1649.82,µm,Spot,Position,1,167,
1159.66,556.604,1632.56,µm,Spot,Position,1,168,
337.151,753.812,1639.83,µm,Spot,Position,1,169,
329.325,834.572,1686.64,µm,Spot,Position,1,170,
524.125,799.689,1641.17,µm,Spot,Position,1,171,
536.47,824.404,1658.99,µm,Spot,Position,1,172,
546.485,841.354,1673.76,µm,Spot,Position,1,173,
453.199,868.434,1674.64,µm,Spot,Position,1,174,
549.18,851.895,1683.23,µm,Spot,Position,1,175,
585.266,952.783,1685.06,µm,Spot,Position,1,176,
598.088,985.028,1645.73,µm,Spot,Position,1,177,
712.4,1078.24,1684.7,µm,Spot,Position,1,178,
612.519,1104.76,1639.05,µm,Spot,Position,1,179,
624.126,1116.26,1641.22,µm,Spot,Position,1,180,
605.162,1091.85,1666.91,µm,Spot,Position,1,181,
795.425,1159.64,1672.99,µm,Spot,Position,1,182,
1611.98,1199.61,1679.46,µm,Spot,Position,1,183,
976.611,1233.51,1681.11,µm,Spot,Position,1,184,
1003,1277.6,1662.15,µm,Spot,Position,1,185,
1131.18,1319.06,1664.8,µm,Spot,Position,1,186,
1145.93,1313.57,1672.73,µm,Spot,Position,1,187,
1592.7,1230.43,1655.23,µm,Spot,Position,1,188,
846.429,1361.83,1633.02,µm,Spot,Position,1,189,
835.726,1379.69,1634.52,µm,Spot,Position,1,190,
756.72,1419.16,1641.39,µm,Spot,Position,1,191,
789.639,1366.72,1679.07,µm,Spot,Position,1,192,
800.406,1412.01,1685.54,µm,Spot,Position,1,193,
974.189,1339.54,1644.87,µm,Spot,Position,1,194,
921.341,1336.94,1651.02,µm,Spot,Position,1,195,
887.739,1394.53,1651.49,µm,Spot,Position,1,196,
929.693,1441.89,1659.11,µm,Spot,Position,1,197,
1010.29,1332.06,1648.6,µm,Spot,Position,1,198,
1192,1370.82,1642.74,µm,Spot,Position,1,199,
1177.91,1362.51,1644.82,µm,Spot,Position,1,200,
1168.81,1331.6,1670.65,µm,Spot,Position,1,201,
1186.63,1331.86,1682.22,µm,Spot,Position,1,202,
1318.9,1434.96,1646.06,µm,Spot,Position,1,203,
1488.65,1396.64,1652.56,µm,Spot,Position,1,204,
686.54,1550.36,1626.9,µm,Spot,Position,1,205,
710.583,1523.8,1645.53,µm,Spot,Position,1,206,
721.106,1540.09,1658.12,µm,Spot,Position,1,207,
795.16,1557.53,1625.53,µm,Spot,Position,1,208,
817.904,1546.02,1632.58,µm,Spot,Position,1,209,
903.7,1473.11,1638.43,µm,Spot,Position,1,210,
953.554,1513.5,1658.65,µm,Spot,Position,1,211,
965.201,1530.54,1659.26,µm,Spot,Position,1,212,
891.74,1558.34,1659.71,µm,Spot,Position,1,213,
968.98,1540.38,1660.64,µm,Spot,Position,1,214,
989.697,1548.05,1668.31,µm,Spot,Position,1,215,
969.146,1557.4,1669.1,µm,Spot,Position,1,216,
1099.06,1500.97,1646.55,µm,Spot,Position,1,217,
1108.65,1484.85,1649.31,µm,Spot,Position,1,218,
1086.72,1501.81,1651.07,µm,Spot,Position,1,219,
1078.28,1540.09,1663.01,µm,Spot,Position,1,220,
1013.99,1529.3,1664.42,µm,Spot,Position,1,221,
1097.93,1553.94,1668.54,µm,Spot,Position,1,222,
1079.49,1485.83,1678.24,µm,Spot,Position,1,223,
1113.26,1466.96,1681.53,µm,Spot,Position,1,224,
1116.11,1544.28,1660.81,µm,Spot,Position,1,225,
1444.49,1560.18,1636.33,µm,Spot,Position,1,226,
1459.52,1500.73,1653.07,µm,Spot,Position,1,227,
672.684,1584.49,1630.54,µm,Spot,Position,1,228,
636.223,1643.41,1631.34,µm,Spot,Position,1,229,
703.261,1589.66,1658.96,µm,Spot,Position,1,230,
691.561,1619.06,1659.41,µm,Spot,Position,1,231,
674.38,1636.74,1658.66,µm,Spot,Position,1,232,
712.306,1592.88,1665.02,µm,Spot,Position,1,233,
666.286,1648.8,1664.92,µm,Spot,Position,1,234,
722.209,1606.17,1680.3,µm,Spot,Position,1,235,
773.721,1599.4,1624.44,µm,Spot,Position,1,236,
795.909,1584.28,1634.45,µm,Spot,Position,1,237,
784.947,1618.98,1633.25,µm,Spot,Position,1,238,
775.067,1688.99,1643.91,µm,Spot,Position,1,239,
836.539,1661.01,1648.31,µm,Spot,Position,1,240,
793.723,1682.38,1649.09,µm,Spot,Position,1,241,
831.36,1673.41,1654.76,µm,Spot,Position,1,242,
869.183,1609.19,1659.79,µm,Spot,Position,1,243,
853.234,1674.09,1659.61,µm,Spot,Position,1,244,
866.067,1669.16,1660.92,µm,Spot,Position,1,245,
881.614,1591.4,1662.61,µm,Spot,Position,1,246,
872.257,1630.47,1663.38,µm,Spot,Position,1,247,
1374.11,1682.59,1666.62,µm,Spot,Position,1,248,
1392.79,1687.74,1665.21,µm,Spot,Position,1,249,
1374.07,1683.26,1677.48,µm,Spot,Position,1,250,
468.346,1786.41,1633.82,µm,Spot,Position,1,251,
597.152,1694.89,1639.68,µm,Spot,Position,1,252,
543.482,1702.92,1637.71,µm,Spot,Position,1,253,
512.916,1733.4,1640.35,µm,Spot,Position,1,254,
527.28,1737.9,1646.31,µm,Spot,Position,1,255,
570.243,1739.46,1665.42,µm,Spot,Position,1,256,
623.926,1712.42,1678.31,µm,Spot,Position,1,257,
583.853,1783.62,1687.79,µm,Spot,Position,1,258,
706.303,1756.23,1643.57,µm,Spot,Position,1,259,
698.642,1766.08,1644.38,µm,Spot,Position,1,260,
750.222,1787.02,1665.51,µm,Spot,Position,1,261,
795.03,1748.54,1654.5,µm,Spot,Position,1,262,
776.832,1752.33,1654.86,µm,Spot,Position,1,263,
762.783,1760.94,1655.12,µm,Spot,Position,1,264,
849.837,1703.42,1663.61,µm,Spot,Position,1,265,
891.271,1724.66,1677.01,µm,Spot,Position,1,266,
1719.07,1802.36,1674.66,µm,Spot,Position,1,267,
1326.67,0.471945,1724.5,µm,Spot,Position,1,268,
1317.03,21.0932,1749.34,µm,Spot,Position,1,269,
1315.15,195.33,1707.1,µm,Spot,Position,1,270,
1247.18,341.042,1728.97,µm,Spot,Position,1,271,
268.536,481.252,1743.44,µm,Spot,Position,1,272,
1108.55,370.245,1706.41,µm,Spot,Position,1,273,
1125.07,401.513,1720.44,µm,Spot,Position,1,274,
1219.97,477.783,1720.41,µm,Spot,Position,1,275,
444.443,571.088,1744.54,µm,Spot,Position,1,276,
1112.78,515.685,1705.95,µm,Spot,Position,1,277,
1115.26,534.194,1721.68,µm,Spot,Position,1,278,
1118.52,550.92,1723.57,µm,Spot,Position,1,279,
1123.71,489.81,1729.06,µm,Spot,Position,1,280,
1126.55,527.996,1731.21,µm,Spot,Position,1,281,
1128.15,547.672,1735.03,µm,Spot,Position,1,282,
1238.51,485.789,1746.81,µm,Spot,Position,1,283,
268.536,718.284,1696.84,µm,Spot,Position,1,284,
1133.43,621.979,1740.55,µm,Spot,Position,1,285,
336.513,806.5,1690.85,µm,Spot,Position,1,286,
366.853,795.363,1695.05,µm,Spot,Position,1,287,
340.018,772.752,1697.64,µm,Spot,Position,1,288,
384.705,732.611,1711.18,µm,Spot,Position,1,289,
459.301,796.84,1691.77,µm,Spot,Position,1,290,
391.165,739.605,1712.96,µm,Spot,Position,1,291,
552.709,869.28,1694.21,µm,Spot,Position,1,292,
567.147,887.337,1714.28,µm,Spot,Position,1,293,
576.261,895.246,1722.33,µm,Spot,Position,1,294,
580.119,899.703,1726.43,µm,Spot,Position,1,295,
587.224,906.897,1733.3,µm,Spot,Position,1,296,
592.47,912.983,1737.91,µm,Spot,Position,1,297,
529.732,1024.28,1697.78,µm,Spot,Position,1,298,
566.698,1079.98,1738.12,µm,Spot,Position,1,299,
1077.52,978.565,1731.35,µm,Spot,Position,1,300,
697.1,1173.69,1721.38,µm,Spot,Position,1,301,
707.233,1184.38,1720.92,µm,Spot,Position,1,302,
713.801,1188.98,1725.3,µm,Spot,Position,1,303,
685.433,1165.78,1749.22,µm,Spot,Position,1,304,
964.418,1196.61,1721.14,µm,Spot,Position,1,305,
975.437,1190.83,1726.84,µm,Spot,Position,1,306,
935.833,1185.41,1747.48,µm,Spot,Position,1,307,
1101.56,1144.14,1733.83,µm,Spot,Position,1,308,
1104.42,1119.6,1748.56,µm,Spot,Position,1,309,
1125.24,1153.33,1732.23,µm,Spot,Position,1,310,
1653.54,1159.71,1711.33,µm,Spot,Position,1,311,
1661.84,1139.66,1712.62,µm,Spot,Position,1,312,
1684.71,1116.12,1751.37,µm,Spot,Position,1,313,
748.192,1240.34,1696.35,µm,Spot,Position,1,314,
781.534,1312.85,1693.44,µm,Spot,Position,1,315,
802.093,1303.41,1730.02,µm,Spot,Position,1,316,
811.503,1318.29,1750.46,µm,Spot,Position,1,317,
940.974,1209.83,1688.66,µm,Spot,Position,1,318,
792.951,1351.67,1688.86,µm,Spot,Position,1,319,
809.603,1401.95,1689.94,µm,Spot,Position,1,320,
848.084,1428.49,1702.16,µm,Spot,Position,1,321,
849.863,1418.74,1704.09,µm,Spot,Position,1,322,
794.265,1336.03,1713.31,µm,Spot,Position,1,323,
836.053,1378.31,1715.52,µm,Spot,Position,1,324,
887.564,1369.03,1743.48,µm,Spot,Position,1,325,
1022.55,1368.35,1748.25,µm,Spot,Position,1,326,
1225.06,1357.33,1689.29,µm,Spot,Position,1,327,
1310.19,1413.43,1695.11,µm,Spot,Position,1,328,
1245.96,1355.24,1715.77,µm,Spot,Position,1,329,
1330.72,1413.56,1723.32,µm,Spot,Position,1,330,
1359.52,1437.18,1708.64,µm,Spot,Position,1,331,
1477.39,1428.61,1714.4,µm,Spot,Position,1,332,
823.635,1496.2,1690.54,µm,Spot,Position,1,333,
934.087,1489.74,1716.31,µm,Spot,Position,1,334,
918.567,1560.46,1716.23,µm,Spot,Position,1,335,
1032.97,1508.23,1747.04,µm,Spot,Position,1,336,
1122.91,1454.81,1708.3,µm,Spot,Position,1,337,
1368.3,1450.25,1689.14,µm,Spot,Position,1,338,
1500.36,1468.68,1746.56,µm,Spot,Position,1,339,
718.623,1648.25,1693.55,µm,Spot,Position,1,340,
742.195,1632.2,1699.65,µm,Spot,Position,1,341,
705.658,1648.26,1696.07,µm,Spot,Position,1,342,
742.697,1647.51,1703.6,µm,Spot,Position,1,343,
732.292,1662.28,1701.51,µm,Spot,Position,1,344,
753.497,1597.5,1692.7,µm,Spot,Position,1,345,
784.023,1618.48,1701.61,µm,Spot,Position,1,346,
756.654,1634.26,1702.8,µm,Spot,Position,1,347,
858.301,1590.99,1719.97,µm,Spot,Position,1,348,
856.791,1622.02,1720.67,µm,Spot,Position,1,349,
970.872,1621.42,1689.9,µm,Spot,Position,1,350,
986.474,1653.64,1696.21,µm,Spot,Position,1,351,
914.155,1581.6,1725.86,µm,Spot,Position,1,352,
1040.62,1603.85,1694.7,µm,Spot,Position,1,353,
1099.13,1603.8,1694.79,µm,Spot,Position,1,354,
1047.69,1619.3,1699.29,µm,Spot,Position,1,355,
1034.8,1621.87,1699.83,µm,Spot,Position,1,356,
1029.91,1639.45,1703.65,µm,Spot,Position,1,357,
1074.95,1658.58,1719.74,µm,Spot,Position,1,358,
1069.2,1666.58,1719.45,µm,Spot,Position,1,359,
1055.96,1672.26,1719.42,µm,Spot,Position,1,360,
1089.86,1668.15,1726.95,µm,Spot,Position,1,361,
1046.21,1688,1724.1,µm,Spot,Position,1,362,
1011.19,1580.45,1750.66,µm,Spot,Position,1,363,
1129.33,1612.46,1704.26,µm,Spot,Position,1,364,
627.978,1793.37,1705.84,µm,Spot,Position,1,365,
667.827,1695.67,1695.34,µm,Spot,Position,1,366,
653.633,1720.01,1693.18,µm,Spot,Position,1,367,
676.981,1710.75,1700.09,µm,Spot,Position,1,368,
635.186,1769.73,1704.35,µm,Spot,Position,1,369,
639.239,1781.36,1709.89,µm,Spot,Position,1,370,
687.225,1742.47,1712.37,µm,Spot,Position,1,371,
634.718,1802.36,1713.53,µm,Spot,Position,1,372,
729.039,1727.3,1720.6,µm,Spot,Position,1,373,
746.784,1737.31,1725.95,µm,Spot,Position,1,374,
678.386,1802.36,1725.98,µm,Spot,Position,1,375,
678.331,1775.26,1730.63,µm,Spot,Position,1,376,
717.677,1790.91,1730.88,µm,Spot,Position,1,377,
717.391,1802.36,1729.57,µm,Spot,Position,1,378,
821.686,1785.96,1704.44,µm,Spot,Position,1,379,
759.088,1753.37,1734.04,µm,Spot,Position,1,380,
867.702,1747.71,1746.51,µm,Spot,Position,1,381,
934.917,1733.81,1696.36,µm,Spot,Position,1,382,
978.077,1707.08,1708.23,µm,Spot,Position,1,383,
978.399,1725.44,1708.79,µm,Spot,Position,1,384,
917.281,1775.71,1725.16,µm,Spot,Position,1,385,
875.599,1761.78,1744.79,µm,Spot,Position,1,386,
879.693,1708.26,1748.3,µm,Spot,Position,1,387,
1042.96,1717.96,1730.41,µm,Spot,Position,1,388,
1094.47,1692.23,1734.8,µm,Spot,Position,1,389,
1001.2,1792.93,1741.7,µm,Spot,Position,1,390,
1010.08,1794.21,1743.78,µm,Spot,Position,1,391,
286.888,78.5949,1765.94,µm,Spot,Position,1,392,
268.536,79.4765,1766.8,µm,Spot,Position,1,393,
268.536,118.22,1770.18,µm,Spot,Position,1,394,
310.548,88.9242,1787.05,µm,Spot,Position,1,395,
312.945,113.435,1792.21,µm,Spot,Position,1,396,
332.545,86.0214,1797.6,µm,Spot,Position,1,397,
268.536,156.331,1773.64,µm,Spot,Position,1,398,
302.26,178.507,1777.63,µm,Spot,Position,1,399,
336.874,178.761,1792.98,µm,Spot,Position,1,400,
359.715,220.954,1796.18,µm,Spot,Position,1,401,
408.455,238.391,1814.6,µm,Spot,Position,1,402,
282.765,271.037,1758.52,µm,Spot,Position,1,403,
339.226,295.072,1784.64,µm,Spot,Position,1,404,
350.733,279.652,1788.44,µm,Spot,Position,1,405,
359.079,349.646,1807.99,µm,Spot,Position,1,406,
430.839,326.32,1810.68,µm,Spot,Position,1,407,
1135.87,294.682,1767.07,µm,Spot,Position,1,408,
1136.01,311.41,1773.35,µm,Spot,Position,1,409,
1340.1,272.309,1794.15,µm,Spot,Position,1,410,
1337.05,280.964,1803.54,µm,Spot,Position,1,411,
287.85,479.982,1758.26,µm,Spot,Position,1,412,
301.948,471.674,1761.42,µm,Spot,Position,1,413,
385.139,428.768,1785.59,µm,Spot,Position,1,414,
352.443,369.497,1803.69,µm,Spot,Position,1,415,
425.73,451.851,1794.38,µm,Spot,Position,1,416,
422.313,422.356,1799.62,µm,Spot,Position,1,417,
494.865,455.856,1803.1,µm,Spot,Position,1,418,
456.94,475.307,1805.7,µm,Spot,Position,1,419,
1163.45,473.483,1804.45,µm,Spot,Position,1,420,
1290.64,427.506,1804.06,µm,Spot,Position,1,421,
333.297,522.791,1757.8,µm,Spot,Position,1,422,
448.012,596.818,1779.2,µm,Spot,Position,1,423,
415.63,495.356,1781.07,µm,Spot,Position,1,424,
445.523,506.985,1791.17,µm,Spot,Position,1,425,
1157.74,532.627,1806.04,µm,Spot,Position,1,426,
362.902,694.12,1791.5,µm,Spot,Position,1,427,
383.34,701.003,1794.42,µm,Spot,Position,1,428,
473.695,698.172,1799.35,µm,Spot,Position,1,429,
425.765,636.316,1815.56,µm,Spot,Position,1,430,
1211.37,724.483,1781.79,µm,Spot,Position,1,431,
337.695,822.677,1770.48,µm,Spot,Position,1,432,
328.143,841.947,1769.76,µm,Spot,Position,1,433,
323.517,755.395,1781.85,µm,Spot,Position,1,434,
445.487,756.661,1791.67,µm,Spot,Position,1,435,
423.556,787.516,1790.25,µm,Spot,Position,1,436,
464.116,856.669,1798.42,µm,Spot,Position,1,437,
495.322,886.151,1809.54,µm,Spot,Position,1,438,
485.484,924.604,1815.51,µm,Spot,Position,1,439,
612.979,943.268,1764.54,µm,Spot,Position,1,440,
623.59,958.113,1769.64,µm,Spot,Position,1,441,
492.533,985.564,1796.58,µm,Spot,Position,1,442,
688.078,1025.56,1769.9,µm,Spot,Position,1,443,
746.019,1062.07,1771.73,µm,Spot,Position,1,444,
651.308,980.356,1777.23,µm,Spot,Position,1,445,
643.464,970.345,1780.32,µm,Spot,Position,1,446,
724.357,1053.89,1784.93,µm,Spot,Position,1,447,
1148.68,1046.44,1775.84,µm,Spot,Position,1,448,
665.968,1138.94,1791.13,µm,Spot,Position,1,449,
813.841,1156.66,1767.71,µm,Spot,Position,1,450,
773.837,1137.58,1795.15,µm,Spot,Position,1,451,
840.055,1134.1,1814.27,µm,Spot,Position,1,452,
866.705,1160.47,1815.15,µm,Spot,Position,1,453,
1126.18,1102.32,1752.88,µm,Spot,Position,1,454,
1204.07,1098.8,1792.56,µm,Spot,Position,1,455,
1693.05,1108.91,1754.76,µm,Spot,Position,1,456,
803.017,1267.04,1766.41,µm,Spot,Position,1,457,
979.009,1274.69,1776.87,µm,Spot,Position,1,458,
987.531,1265.28,1781.79,µm,Spot,Position,1,459,
1030.55,1263.31,1787.49,µm,Spot,Position,1,460,
1011.26,1211.91,1801.54,µm,Spot,Position,1,461,
1018.81,1223.66,1802.65,µm,Spot,Position,1,462,
1014.84,1235.55,1804.14,µm,Spot,Position,1,463,
1412.69,1327.4,1762.25,µm,Spot,Position,1,464,
1059.89,1429.17,1773.98,µm,Spot,Position,1,465,
1312.44,1402.15,1766.1,µm,Spot,Position,1,466,
1331.78,1412.16,1784.32,µm,Spot,Position,1,467,
1302.25,1434.37,1786.19,µm,Spot,Position,1,468,
1317.46,1435.01,1793.95,µm,Spot,Position,1,469,
1039.56,1556.55,1760.49,µm,Spot,Position,1,470,
1140.68,1556.77,1778.81,µm,Spot,Position,1,471,
1151.19,1560.55,1780.89,µm,Spot,Position,1,472,
1327.12,1530.88,1784.09,µm,Spot,Position,1,473,
1369.07,1526.43,1781.48,µm,Spot,Position,1,474,
1482.34,1473.98,1771.04,µm,Spot,Position,1,475,
972.448,1658.79,1762.94,µm,Spot,Position,1,476,
1009.55,1599.71,1757.26,µm,Spot,Position,1,477,
1022.89,1626.24,1770.7,µm,Spot,Position,1,478,
1021.13,1639.94,1772.39,µm,Spot,Position,1,479,
1043.55,1618.57,1777.86,µm,Spot,Position,1,480,
1094.09,1596.4,1783.94,µm,Spot,Position,1,481,
1053.55,1634.45,1781.36,µm,Spot,Position,1,482,
1083.28,1599.27,1785.34,µm,Spot,Position,1,483,
1075.52,1612.58,1787.24,µm,Spot,Position,1,484,
999.602,1683.51,1784.43,µm,Spot,Position,1,485,
1100.27,1605.65,1790.75,µm,Spot,Position,1,486,
1084.5,1640.72,1800.45,µm,Spot,Position,1,487,
1089.22,1646.5,1804.61,µm,Spot,Position,1,488,
1114.35,1599.36,1790.84,µm,Spot,Position,1,489,
1202.46,1580.39,1814.28,µm,Spot,Position,1,490,
1392.92,1648.05,1790.01,µm,Spot,Position,1,491,
968.253,1802.36,1755.72,µm,Spot,Position,1,492,
1194.23,1722.09,1769.64,µm,Spot,Position,1,493,
1537.06,1791.96,1757.33,µm,Spot,Position,1,494,
1553.84,1802.36,1763.68,µm,Spot,Position,1,495,
1265.28,28.5213,1821.64,µm,Spot,Position,1,496,
1326.4,94.915,1829.01,µm,Spot,Position,1,497,
430.048,203.355,1830.38,µm,Spot,Position,1,498,
487.916,155.655,1870.21,µm,Spot,Position,1,499,
1130.59,195.844,1871.83,µm,Spot,Position,1,500,
1283.35,210.888,1843.58,µm,Spot,Position,1,501,
1267.04,238.416,1862.33,µm,Spot,Position,1,502,
1607.55,160.645,1862.34,µm,Spot,Position,1,503,
416.833,251.099,1818.68,µm,Spot,Position,1,504,
486.82,355.79,1836.97,µm,Spot,Position,1,505,
1177.09,342.577,1874.29,µm,Spot,Position,1,506,
322.992,382.377,1869.25,µm,Spot,Position,1,507,
480.014,456.297,1827.72,µm,Spot,Position,1,508,
480.367,437.43,1829.79,µm,Spot,Position,1,509,
481.012,482.085,1839.17,µm,Spot,Position,1,510,
497.223,401.062,1848.8,µm,Spot,Position,1,511,
495.841,418.927,1849.19,µm,Spot,Position,1,512,
416.753,480.891,1858.9,µm,Spot,Position,1,513,
458.07,475.821,1865.36,µm,Spot,Position,1,514,
483.779,438.427,1874.37,µm,Spot,Position,1,515,
452.216,437.095,1877.86,µm,Spot,Position,1,516,
1304.88,395.835,1826.79,µm,Spot,Position,1,517,
300.343,545.387,1849.95,µm,Spot,Position,1,518,
479.438,517.172,1822.91,µm,Spot,Position,1,519,
403.664,530.609,1847.2,µm,Spot,Position,1,520,
420.865,515.842,1852.9,µm,Spot,Position,1,521,
399.37,518.537,1855.8,µm,Spot,Position,1,522,
462.661,507.619,1859.97,µm,Spot,Position,1,523,
1179.24,629.766,1876.77,µm,Spot,Position,1,524,
1296.59,650.15,1837.12,µm,Spot,Position,1,525,
546.885,951.963,1834.26,µm,Spot,Position,1,526,
560.2,965.203,1836.93,µm,Spot,Position,1,527,
1184.52,943.359,1820.2,µm,Spot,Position,1,528,
1156.62,931.559,1836.43,µm,Spot,Position,1,529,
1159.05,921.731,1877.26,µm,Spot,Position,1,530,
575.497,1071.74,1823.05,µm,Spot,Position,1,531,
552.236,993.734,1846.39,µm,Spot,Position,1,532,
594.718,1013.27,1851.6,µm,Spot,Position,1,533,
569.114,989.633,1852.83,µm,Spot,Position,1,534,
677.822,999.119,1826.86,µm,Spot,Position,1,535,
704.826,987.972,1855.64,µm,Spot,Position,1,536,
1144.57,993.277,1829.61,µm,Spot,Position,1,537,
601.716,1097.15,1825.76,µm,Spot,Position,1,538,
698.705,1183.92,1825.71,µm,Spot,Position,1,539,
690.85,1191.24,1851.48,µm,Spot,Position,1,540,
797.099,1176.18,1817.03,µm,Spot,Position,1,541,
874.365,1169.58,1820.14,µm,Spot,Position,1,542,
922.531,1205.9,1835.72,µm,Spot,Position,1,543,
1100.87,1150.02,1847.4,µm,Spot,Position,1,544,
1109.83,1134.91,1852.74,µm,Spot,Position,1,545,
1127.9,1155.11,1862.79,µm,Spot,Position,1,546,
1134.47,1149.16,1869.07,µm,Spot,Position,1,547,
1506.28,1174.97,1825.15,µm,Spot,Position,1,548,
1523.83,1201.6,1835.24,µm,Spot,Position,1,549,
719.574,1214.04,1845.22,µm,Spot,Position,1,550,
976.633,1240.53,1878.97,µm,Spot,Position,1,551,
1079.84,1231.52,1826.93,µm,Spot,Position,1,552,
1182.86,1296.29,1817.18,µm,Spot,Position,1,553,
1329.43,1383.43,1859.63,µm,Spot,Position,1,554,
1385.25,1404.51,1817.39,µm,Spot,Position,1,555,
1393.99,1414.26,1842.81,µm,Spot,Position,1,556,
1415.47,1338.91,1862.23,µm,Spot,Position,1,557,
1409.72,1403.39,1866.07,µm,Spot,Position,1,558,
1510.4,1393.98,1824.41,µm,Spot,Position,1,559,
1756.23,1351.63,1862.05,µm,Spot,Position,1,560,
797.028,1491.96,1825.74,µm,Spot,Position,1,561,
820.376,1491.3,1839.3,µm,Spot,Position,1,562,
833.159,1489.41,1847.54,µm,Spot,Position,1,563,
979.346,1464.67,1854.84,µm,Spot,Position,1,564,
1321.21,1509.04,1819.1,µm,Spot,Position,1,565,
1162.62,1636.26,1843.03,µm,Spot,Position,1,566,
1291.5,1577.29,1865.3,µm,Spot,Position,1,567,
1331.38,1686.23,1875.67,µm,Spot,Position,1,568,
1115.53,1694.61,1833.47,µm,Spot,Position,1,569,
1294.04,1753.13,1869.33,µm,Spot,Position,1,570,
1739.87,1765.16,1837.43,µm,Spot,Position,1,571,
316.259,84.0263,1887.54,µm,Spot,Position,1,572,
345.268,84.6058,1907.36,µm,Spot,Position,1,573,
1057.27,75.449,1885.03,µm,Spot,Position,1,574,
538.931,158.955,1897.36,µm,Spot,Position,1,575,
559.184,203.36,1906.51,µm,Spot,Position,1,576,
562.994,132.228,1911.87,µm,Spot,Position,1,577,
532.099,226.639,1938.69,µm,Spot,Position,1,578,
1228.82,227.525,1918.36,µm,Spot,Position,1,579,
372.746,322.35,1890.25,µm,Spot,Position,1,580,
505.663,305.388,1904.71,µm,Spot,Position,1,581,
459.902,267.685,1922.73,µm,Spot,Position,1,582,
541.047,261.627,1914.32,µm,Spot,Position,1,583,
510.362,277.14,1915.88,µm,Spot,Position,1,584,
1145.99,255.646,1893.74,µm,Spot,Position,1,585,
1166.13,275.883,1938.44,µm,Spot,Position,1,586,
487.538,391.013,1886.7,µm,Spot,Position,1,587,
474.675,377.701,1891.8,µm,Spot,Position,1,588,
1202.13,391.197,1890.83,µm,Spot,Position,1,589,
1172.07,682.824,1881.51,µm,Spot,Position,1,590,
1183,710.681,1894.67,µm,Spot,Position,1,591,
1360.71,624.637,1932.29,µm,Spot,Position,1,592,
1185.67,745.353,1911.51,µm,Spot,Position,1,593,
1182.56,730.229,1921.51,µm,Spot,Position,1,594,
1164.41,853.75,1881.18,µm,Spot,Position,1,595,
1173.01,931.185,1905.65,µm,Spot,Position,1,596,
1183.12,873.411,1928.88,µm,Spot,Position,1,597,
703.469,1059.67,1880.86,µm,Spot,Position,1,598,
710.854,1067.17,1887.12,µm,Spot,Position,1,599,
691.588,997.394,1895.49,µm,Spot,Position,1,600,
717.997,1082.14,1894.55,µm,Spot,Position,1,601,
767.405,970.208,1913.82,µm,Spot,Position,1,602,
1141.26,1085.06,1882.04,µm,Spot,Position,1,603,
1154.88,1020.22,1884.81,µm,Spot,Position,1,604,
1163.53,1050.19,1902.49,µm,Spot,Position,1,605,
1193.06,1055.83,1931.53,µm,Spot,Position,1,606,
691.569,1138.84,1897.75,µm,Spot,Position,1,607,
722.341,1094.77,1900.83,µm,Spot,Position,1,608,
709.741,1158.4,1903.14,µm,Spot,Position,1,609,
1185.05,1138.39,1908.74,µm,Spot,Position,1,610,
988.122,1250.7,1885.91,µm,Spot,Position,1,611,
1207.18,1220.7,1889.16,µm,Spot,Position,1,612,
1279.89,1247.67,1880.69,µm,Spot,Position,1,613,
1330.04,1236.13,1884.86,µm,Spot,Position,1,614,
1254.37,1247.53,1885.86,µm,Spot,Position,1,615,
1523.68,1245.72,1884.23,µm,Spot,Position,1,616,
1155.46,1348.59,1917.78,µm,Spot,Position,1,617,
1424.12,1400.38,1909.5,µm,Spot,Position,1,618,
1431.66,1422.77,1933.73,µm,Spot,Position,1,619,
737.831,1460.33,1924.99,µm,Spot,Position,1,620,
1338.71,1676.81,1905.11,µm,Spot,Position,1,621,
1350.92,1635.72,1921.83,µm,Spot,Position,1,622,
1343.9,1605.63,1930.7,µm,Spot,Position,1,623,
1335.22,1685.78,1938.24,µm,Spot,Position,1,624,
1192.46,1717.65,1904.39,µm,Spot,Position,1,625,
1192.01,1748.94,1910.32,µm,Spot,Position,1,626,
1190.83,1762.44,1915.24,µm,Spot,Position,1,627,
1211.84,1734.02,1942.68,µm,Spot,Position,1,628,
1322.87,1699.75,1880.66,µm,Spot,Position,1,629,
1309.26,1748.35,1933.69,µm,Spot,Position,1,630,
1468.66,1802.36,1896.55,µm,Spot,Position,1,631,
1378.45,1774.89,1912.23,µm,Spot,Position,1,632,
768.553,112.244,2000.31,µm,Spot,Position,1,633,
991.023,105.864,1990.62,µm,Spot,Position,1,634,
932.177,111.539,2003.45,µm,Spot,Position,1,635,
1051.46,103.573,1963.2,µm,Spot,Position,1,636,
1044.93,109.301,1974.27,µm,Spot,Position,1,637,
1152.91,5.63439,1957.53,µm,Spot,Position,1,638,
1157.63,65.2993,2006.29,µm,Spot,Position,1,639,
526.951,216.79,1951.46,µm,Spot,Position,1,640,
1106.37,191.186,1962.06,µm,Spot,Position,1,641,
1115.96,196.056,1950.48,µm,Spot,Position,1,642,
1195.47,286.155,1948.67,µm,Spot,Position,1,643,
1207.39,344.693,2003,µm,Spot,Position,1,644,
1313.02,565.78,1949.76,µm,Spot,Position,1,645,
1255.79,559.108,1988.42,µm,Spot,Position,1,646,
1260.68,584.691,1994.48,µm,Spot,Position,1,647,
1204.79,627.367,2001.81,µm,Spot,Position,1,648,
1376.74,640.518,1951.47,µm,Spot,Position,1,649,
1410.98,654.323,1995.2,µm,Spot,Position,1,650,
1432.74,660.468,2000.46,µm,Spot,Position,1,651,
1450.25,668.82,2006.32,µm,Spot,Position,1,652,
1184.09,838.641,1960.04,µm,Spot,Position,1,653,
1188.13,813.115,1986.94,µm,Spot,Position,1,654,
1189.59,777.99,1989.2,µm,Spot,Position,1,655,
1188.57,944.451,1946.76,µm,Spot,Position,1,656,
1195.61,868.727,1961.42,µm,Spot,Position,1,657,
1191.67,892.923,1964.82,µm,Spot,Position,1,658,
1201.99,865.038,2003.86,µm,Spot,Position,1,659,
1450.3,849.716,1953.38,µm,Spot,Position,1,660,
1459.9,875.455,1958.76,µm,Spot,Position,1,661,
1470.43,894.982,1965.11,µm,Spot,Position,1,662,
1503.03,889.828,1977.58,µm,Spot,Position,1,663,
1220.21,1006.79,1990.32,µm,Spot,Position,1,664,
1500.96,977.334,1974.52,µm,Spot,Position,1,665,
616.511,1130.99,1965.6,µm,Spot,Position,1,666,
621.757,1150.99,1993.41,µm,Spot,Position,1,667,
609.707,1151.78,1992.95,µm,Spot,Position,1,668,
750.412,1217.28,1973.71,µm,Spot,Position,1,669,
768.811,1239.79,1986.29,µm,Spot,Position,1,670,
773.533,1247.07,1988.86,µm,Spot,Position,1,671,
777.013,1259.9,1999.35,µm,Spot,Position,1,672,
1327.15,1258.68,1958.13,µm,Spot,Position,1,673,
1296.01,1223.06,1994.77,µm,Spot,Position,1,674,
1374.27,1319.28,1993.54,µm,Spot,Position,1,675,
1283.86,1396.45,1953.58,µm,Spot,Position,1,676,
1407.33,1416.97,1998.07,µm,Spot,Position,1,677,
1383.24,1340.06,2003.28,µm,Spot,Position,1,678,
1391.95,1367.23,2003.41,µm,Spot,Position,1,679,
1386.26,1346.11,2005.48,µm,Spot,Position,1,680,
752.004,1497.31,1973.59,µm,Spot,Position,1,681,
1461.02,1454.9,1959.09,µm,Spot,Position,1,682,
1466.09,1456.68,1965.94,µm,Spot,Position,1,683,
1656.5,1559.22,1957.23,µm,Spot,Position,1,684,
986.463,1625.54,1973.68,µm,Spot,Position,1,685,
982.276,1617.49,2000.39,µm,Spot,Position,1,686,
1342.91,1654.99,1971.17,µm,Spot,Position,1,687,
1768.38,1662.7,2004.66,µm,Spot,Position,1,688,
1225.77,1719.39,1970.3,µm,Spot,Position,1,689,
1302.74,1793.64,1962.98,µm,Spot,Position,1,690,
1277.19,1703.45,1965.27,µm,Spot,Position,1,691,
1237.83,1718,1993.44,µm,Spot,Position,1,692,
1335.93,1711.53,2007.82,µm,Spot,Position,1,693,
1291.66,1727.14,2005.25,µm,Spot,Position,1,694,
1763.04,1693.71,1992.45,µm,Spot,Position,1,695,
1142.37,55.1674,2024.5,µm,Spot,Position,1,696,
1122.09,0.471945,2058.58,µm,Spot,Position,1,697,
1130.74,48.0577,2069.87,µm,Spot,Position,1,698,
479.869,143.088,2069.58,µm,Spot,Position,1,699,
568.174,172.376,2019.81,µm,Spot,Position,1,700,
595.54,167.462,2029.16,µm,Spot,Position,1,701,
545.665,169.758,2034.88,µm,Spot,Position,1,702,
636.262,157.813,2009.96,µm,Spot,Position,1,703,
706.979,131.42,2016.31,µm,Spot,Position,1,704,
734.474,122.076,2029.35,µm,Spot,Position,1,705,
942.676,121.262,2018.59,µm,Spot,Position,1,706,
949.693,132.512,2032.54,µm,Spot,Position,1,707,
901.138,135.941,2062.03,µm,Spot,Position,1,708,
1087.84,214.154,2015.15,µm,Spot,Position,1,709,
1217.04,357.331,2036.31,µm,Spot,Position,1,710,
1217.35,434.074,2032.87,µm,Spot,Position,1,711,
1216.55,531.169,2009.85,µm,Spot,Position,1,712,
1168.77,658.933,2070.43,µm,Spot,Position,1,713,
1167.74,677.511,2069.69,µm,Spot,Position,1,714,
1354.94,631.428,2021.93,µm,Spot,Position,1,715,
1351.86,699.922,2039.25,µm,Spot,Position,1,716,
1342.82,610.676,2054.89,µm,Spot,Position,1,717,
1352.7,703.513,2057.72,µm,Spot,Position,1,718,
1603.39,677.434,2014.79,µm,Spot,Position,1,719,
1709.96,699.996,2035.44,µm,Spot,Position,1,720,
1197.51,826.732,2011.1,µm,Spot,Position,1,721,
1195.41,812.09,2042.5,µm,Spot,Position,1,722,
1361.83,782.015,2033.1,µm,Spot,Position,1,723,
1626.43,735.177,2028.56,µm,Spot,Position,1,724,
1205.51,871.481,2048.67,µm,Spot,Position,1,725,
1346.75,1009.78,2071.32,µm,Spot,Position,1,726,
1353.89,1030.66,2069.43,µm,Spot,Position,1,727,
1362.32,1048.75,2028.34,µm,Spot,Position,1,728,
1398.46,1036.13,2048.64,µm,Spot,Position,1,729,
1278.4,1096.41,2017.94,µm,Spot,Position,1,730,
1285.26,1100.7,2024.86,µm,Spot,Position,1,731,
1301.41,1111.23,2032.45,µm,Spot,Position,1,732,
1347.87,1122.43,2066.1,µm,Spot,Position,1,733,
1434.23,1110.8,2066.65,µm,Spot,Position,1,734,
815.002,1321.04,2060.71,µm,Spot,Position,1,735,
1315.58,1245.58,2008.13,µm,Spot,Position,1,736,
1343.73,1295.06,2008.28,µm,Spot,Position,1,737,
1668.9,1218.96,2018.9,µm,Spot,Position,1,738,
1386.03,1374.46,2021.7,µm,Spot,Position,1,739,
1385.82,1426.02,2045.37,µm,Spot,Position,1,740,
1370.67,1363.25,2052.47,µm,Spot,Position,1,741,
1365.05,1529.78,2028.19,µm,Spot,Position,1,742,
1410.11,1528.1,2060.56,µm,Spot,Position,1,743,
1278.71,1667.44,2015.37,µm,Spot,Position,1,744,
1341.94,1678.59,2013.33,µm,Spot,Position,1,745,
316.085,1802.36,2054.25,µm,Spot,Position,1,746,
873.319,1802.36,2024.18,µm,Spot,Position,1,747,
1335.7,1773.94,2043.04,µm,Spot,Position,1,748,
1331.26,1789.99,2043.44,µm,Spot,Position,1,749,
1130.85,12.3163,2094.23,µm,Spot,Position,1,750,
1134.11,0.471945,2113.32,µm,Spot,Position,1,751,
515.646,131.421,2078.83,µm,Spot,Position,1,752,
675.571,161.847,2087.21,µm,Spot,Position,1,753,
694.768,166.889,2118.13,µm,Spot,Position,1,754,
931.063,165.671,2074.96,µm,Spot,Position,1,755,
946.261,192.567,2090.27,µm,Spot,Position,1,756,
949.297,204.308,2097.42,µm,Spot,Position,1,757,
983.698,235.23,2100.88,µm,Spot,Position,1,758,
994.354,263.579,2114.46,µm,Spot,Position,1,759,
1099.41,381.948,2078.02,µm,Spot,Position,1,760,
1204.96,372.228,2088.96,µm,Spot,Position,1,761,
1209.49,426.509,2129.91,µm,Spot,Position,1,762,
1106.11,524.36,2129.26,µm,Spot,Position,1,763,
1323.04,564.812,2073.45,µm,Spot,Position,1,764,
1275.61,595.864,2078.4,µm,Spot,Position,1,765,
1309.48,555.384,2102.72,µm,Spot,Position,1,766,
1044.55,631.483,2074.42,µm,Spot,Position,1,767,
1166.26,640.62,2073.99,µm,Spot,Position,1,768,
1173.19,709.699,2078.89,µm,Spot,Position,1,769,
1171.52,698.81,2082.1,µm,Spot,Position,1,770,
1167.11,686.745,2095.44,µm,Spot,Position,1,771,
1142.03,638.866,2120.8,µm,Spot,Position,1,772,
1352.96,606.398,2091.8,µm,Spot,Position,1,773,
1257.98,630.301,2129.96,µm,Spot,Position,1,774,
1361.84,618.461,2072.51,µm,Spot,Position,1,775,
1452.37,687.798,2086.95,µm,Spot,Position,1,776,
1412.71,671.233,2110.12,µm,Spot,Position,1,777,
1427.47,677.215,2108.47,µm,Spot,Position,1,778,
1168.48,750.89,2113.05,µm,Spot,Position,1,779,
1348.81,747.551,2109.11,µm,Spot,Position,1,780,
1283.89,737.414,2114.13,µm,Spot,Position,1,781,
1428.3,725.927,2117.32,µm,Spot,Position,1,782,
1215.56,909.046,2079,µm,Spot,Position,1,783,
1196.25,846.631,2085.34,µm,Spot,Position,1,784,
1222.09,960.083,2085.01,µm,Spot,Position,1,785,
1329.31,942.932,2094.56,µm,Spot,Position,1,786,
1320.25,955.437,2114.88,µm,Spot,Position,1,787,
1421.7,879.45,2081.3,µm,Spot,Position,1,788,
1454.59,908.764,2108.15,µm,Spot,Position,1,789,
1492.57,917.295,2122.12,µm,Spot,Position,1,790,
1563.86,877.191,2134.5,µm,Spot,Position,1,791,
1272.97,998.929,2134.31,µm,Spot,Position,1,792,
1428.3,1179.14,2089.55,µm,Spot,Position,1,793,
1382.47,1193.83,2129.85,µm,Spot,Position,1,794,
826.519,1317.57,2100.19,µm,Spot,Position,1,795,
850.969,1322.1,2109.61,µm,Spot,Position,1,796,
1344.08,1238.86,2074.26,µm,Spot,Position,1,797,
1639.09,1328.89,2085.32,µm,Spot,Position,1,798,
863.73,1387.9,2088.31,µm,Spot,Position,1,799,
841.505,1330.84,2106.48,µm,Spot,Position,1,800,
818.005,1348.2,2106.77,µm,Spot,Position,1,801,
868.556,1399.78,2105,µm,Spot,Position,1,802,
835.088,1346.87,2108.89,µm,Spot,Position,1,803,
848.134,1346.84,2130.87,µm,Spot,Position,1,804,
894.435,1428.45,2119.14,µm,Spot,Position,1,805,
1360.85,1345.36,2078.39,µm,Spot,Position,1,806,
1382.38,1423.13,2127.05,µm,Spot,Position,1,807,
1353.53,1533.73,2085.26,µm,Spot,Position,1,808,
1344.78,1564.62,2109.63,µm,Spot,Position,1,809,
1351.73,1554.85,2122.09,µm,Spot,Position,1,810,
1374.85,1457.97,2105.72,µm,Spot,Position,1,811,
1352.9,1682.6,2075.07,µm,Spot,Position,1,812,
1331.91,1579.18,2088.17,µm,Spot,Position,1,813,
1338.82,1579.39,2134.72,µm,Spot,Position,1,814,
1383.42,1618.97,2132.63,µm,Spot,Position,1,815,
594.321,151.507,2162,µm,Spot,Position,1,816,
927.133,259.334,2162,µm,Spot,Position,1,817,
1010.41,324.876,2137.27,µm,Spot,Position,1,818,
1012.31,343.278,2142.31,µm,Spot,Position,1,819,
1026.02,374.334,2152.06,µm,Spot,Position,1,820,
1232,508.656,2148.72,µm,Spot,Position,1,821,
1218.27,496.903,2162,µm,Spot,Position,1,822,
1146.02,678.31,2137.6,µm,Spot,Position,1,823,
1123.43,627.554,2149.72,µm,Spot,Position,1,824,
1255.69,624.253,2150.71,µm,Spot,Position,1,825,
1251.82,626.932,2158.69,µm,Spot,Position,1,826,
1247.49,699.057,2162,µm,Spot,Position,1,827,
1179.57,809.145,2138.61,µm,Spot,Position,1,828,
1186.86,821.847,2159.21,µm,Spot,Position,1,829,
1153.81,735.505,2162,µm,Spot,Position,1,830,
1336.9,780.155,2159.27,µm,Spot,Position,1,831,
1319.14,783.345,2162,µm,Spot,Position,1,832,
1311.44,965.622,2136.84,µm,Spot,Position,1,833,
1314.61,960.693,2162,µm,Spot,Position,1,834,
1236.45,967.717,2162,µm,Spot,Position,1,835,
1359.68,1266.44,2144.92,µm,Spot,Position,1,836,
1485.3,1303.73,2162,µm,Spot,Position,1,837,
923.037,1525.43,2142.15,µm,Spot,Position,1,838,
925.595,1554.04,2150.11,µm,Spot,Position,1,839,
1370.32,1566.31,2137.18,µm,Spot,Position,1,840,
1359.18,1532.2,2148.44,µm,Spot,Position,1,841,
1378.25,1481.16,2162,µm,Spot,Position,1,842,
1377.53,1493.25,2162,µm,Spot,Position,1,843,
934.804,1579.05,2155.21,µm,Spot,Position,1,844,
939.986,1603.46,2162,µm,Spot,Position,1,845,
1361.72,1588.79,2138.15,µm,Spot,Position,1,846,
1378.74,1571.79,2162,µm,Spot,Position,1,847,
1367.71,1594.72,2162,µm,Spot,Position,1,848,
